100264
100327
100876
101443
101444
101754
101826
101840
101843
101886
101887
101888
101889
101890
102252
102253
102254
102255
102256
102364
102621
102772
102773
102818
102831
102832
102834
102848
102851
102852
102881
102882
103027
103116
103183
103206
103256
103273
103274
103278
103279
103349
103350
103416
103423
103424
103425
103426
103434
103530
103532
103581
103601
103609
103680
103730
103773
103775
103778
103779
103783
103786
103787
103804
103805
103810
103850
103856
103867
103869
103870
103883
103884
103885
103886
103887
103888
103889
103890
103955
103962
103973
104020
104021
104127
104136
104150
104151
104291
104311
104315
104319
104320
104438
104549
104550
104669
104670
104671
104673
104674
104675
104676
104677
104678
104679
104680
104681
104682
104683
104722
104725
104726
104729
104730
104731
104734
104735
104738
104749
104750
104751
104752
104753
104754
104757
104759
104760
104762
104766
104771
104804
104808
104841
104868
104871
104872
104876
104877
104879
104901
104903
104912
104913
104918
104920
104927
104928
104929
104930
104931
104974
104975
104976
104977
104978
104979
104980
104981
104982
104983
104984
104985
104986
104987
104994
104995
104998
104999
105000
105001
105002
105003
105004
105005
105006
105007
105008
105010
105011
105012
105013
105014
105015
105016
105017
105018
105028
105029
105030
105031
105041
105047
105050
105051
105055
105057
105059
105061
105062
105063
105069
105076
105077
105084
105087
105088
105089
105090
105091
105092
105094
105102
105103
105110
105381
105383
105397
105425
105436
105438
105440
105463
105464
105481
105495
105496
105497
105499
105501
105540
105592
105608
105609
105610
105611
105615
105633
105634
105638
105639
105643
105644
105648
105649
105675
105677
105682
105684
105688
